Hits         0.0460025  0.0158602   2.900  0.00373 ** 
Runs        -0.0704058  0.0274874  -2.561  0.01043 *  
HmRun        0.0831476  0.0581613   1.430  0.15283    
RBI         -0.0262608  0.0241396  -1.088  0.27665    
Walks        0.0485099  0.0159854   3.035  0.00241 ** 
Years       -0.1125892  0.1133649  -0.993  0.32063    
CAtBat      -0.0008890  0.0012535  -0.709  0.47820    
CHits        0.0048120  0.0065234   0.738  0.46073    
CHmRun      -0.0028567  0.0147025  -0.194  0.84594    
CRuns        0.0068314  0.0069019   0.990  0.32228    
CRBI         0.0004904  0.0064967   0.075  0.93983    
CWalks      -0.0060495  0.0031038  -1.949  0.05129 .  
LeagueN      0.6533919  0.3825524   1.708  0.08764 .  
DivisionW   -0.7060818  0.3633635  -1.943  0.05199 .  
PutOuts      0.0006581  0.0006664   0.988  0.32337    
Assists     -0.0015755  0.0019365  -0.814  0.41587    
Errors      -0.0126838  0.0392662  -0.323  0.74668 
